-79.53285628011258,43.650287167066956
-79.53261488130124,43.65014355094343
-79.53219109227689,43.64985243612604
-79.53171902349027,43.64967000345459
-79.53126304795774,43.64961566170068
-79.53077488591703,43.64955743833833
-79.53047447850736,43.64942546517477
-79.53015261342557,43.649293491721224
-79.52994340112241,43.64920421539703
-79.53012579133542,43.64898684640065
-79.53040474107297,43.64907612304791
-79.53068369081052,43.64922750488571
-79.53085535218747,43.649324544324614
-79.53108065774472,43.6493827679127
-79.53124695470365,43.64938664948323
-79.53146689584287,43.64938664948323
-79.53166537930997,43.64941382046993
-79.53186386277707,43.64944487301111
-79.53215890576871,43.64953803053835
-79.53236811807187,43.649658358797176
-79.53259878804715,43.64975151599328
-79.53270071198972,43.649836909962794
-79.53291528871091,43.64996111915625
-79.53306012799771,43.650046512827764
-79.533290797973,43.65013578789996
-79.53350001027616,43.65018236614582
-79.53367167165311,43.65020953677256
-79.53362210072203,43.65041732666075
-79.53361266305478,43.65045019035857
-79.53285628011258,43.650287167066956
